20
Arad
Bucharest
Craiova
Drobeta
Eforie
Fagaras
Giurgiu
Hirsova
Iasi
Lugoj
Mehadia
Neamt
Oradea
Pitesti
Rimnicu Vilcea
Sibiu
Timisoara
Urziceni
Vaslui
Zerind
366
3
16 140
17 118
20 75
0
4
6 211
7 90
14 101
18 85
160
3
4 120
14 138
15 146
242
2
3 120
11 75
161
1
8 85
176
2
2 211
16 99
77
1
2 90
151
2
5 86
18 98
226
2
12 87
19 92
244
2
11 70
17 111
241
2
4 75
10 70
234
1
9 87
380
2
16 151
20 71
100
2
2 101
15 97
193
3
3 146
14 97
16 80
253
4
1 140
6 99
13 151
15 80
329
2
1 118
10 111
80
3
2 85
8 98
19 142
199
2
9 92
18 142
374
2
1 75
13 71
1
2